Timestamp,Weight,Predictive,Reflexive,Derivative
2021-09-02 10:11:59.028277,0.0,1,0.0,0.0
2021-09-02 10:11:59.128701,0.0,1,0.0,0.0
2021-09-02 10:11:59.260955,0.0,1,0.0,0.0
2021-09-02 10:11:59.394854,0.0,1,0.0,0.0
2021-09-02 10:11:59.535920,0.0,1,0.0,0.0
2021-09-02 10:11:59.629479,0.0,1,0.0,0.0
2021-09-02 10:11:59.762315,0.0,1,0.0,0.0
2021-09-02 10:11:59.893492,0.473,1,0.062,0.473
2021-09-02 10:12:00.027807,6.436,1,0.861,5.963
2021-09-02 10:12:00.127952,7.826,1,1.0,1.39
2021-09-02 10:12:00.262678,7.826,1,1.0,0.0
2021-09-02 10:12:00.395754,7.826,1,1.0,0.0
2021-09-02 10:12:00.527992,7.826,1,1.0,0.0
2021-09-02 10:12:00.627815,7.826,1,1.0,0.0
2021-09-02 10:12:00.761668,7.826,1,1.0,0.0
2021-09-02 10:12:00.895541,7.826,1,1.0,0.0
2021-09-02 10:12:01.030013,7.826,1,1.0,0.0
2021-09-02 10:12:01.129627,7.826,1,1.0,0.0
2021-09-02 10:12:01.262208,7.826,1,1.0,0.0
2021-09-02 10:12:01.395692,7.826,1,1.0,0.0
2021-09-02 10:12:01.529789,7.826,1,1.0,0.0
2021-09-02 10:12:01.630005,7.826,1,1.0,0.0
2021-09-02 10:12:01.763956,7.826,1,1.0,0.0
2021-09-02 10:12:01.895934,7.826,1,1.0,0.0
2021-09-02 10:12:02.029894,7.826,1,1.0,0.0
2021-09-02 10:12:02.129891,7.826,1,1.0,0.0
2021-09-02 10:12:02.264013,7.826,1,1.0,0.0
2021-09-02 10:12:02.397993,7.826,1,1.0,0.0
2021-09-02 10:12:02.531992,7.826,1,1.0,0.0
2021-09-02 10:12:02.632088,7.826,1,1.0,0.0
2021-09-02 10:12:02.764235,7.826,1,1.0,0.0
2021-09-02 10:12:02.898012,7.826,1,1.0,0.0
2021-09-02 10:12:03.031976,7.826,1,1.0,0.0
2021-09-02 10:12:03.132063,7.826,1,1.0,0.0
2021-09-02 10:12:03.266196,7.826,1,1.0,0.0
2021-09-02 10:12:03.398115,7.826,1,1.0,0.0
2021-09-02 10:12:03.532030,7.826,1,1.0,0.0
2021-09-02 10:12:03.766034,7.826,1,1.0,0.0
2021-09-02 10:12:03.900227,7.826,1,1.0,0.0
2021-09-02 10:12:04.032491,7.826,1,1.0,0.0
2021-09-02 10:12:04.132355,7.826,1,1.0,0.0
2021-09-02 10:12:04.266577,7.826,1,1.0,0.0
2021-09-02 10:12:04.400253,7.826,1,1.0,0.0
2021-09-02 10:12:04.534647,7.826,1,1.0,0.0
2021-09-02 10:12:04.634661,7.826,1,1.0,0.0
2021-09-02 10:12:04.766717,7.826,1,1.0,0.0
2021-09-02 10:12:04.900345,7.826,1,1.0,0.0
2021-09-02 10:12:05.034344,7.826,1,1.0,0.0
2021-09-02 10:12:05.134876,7.826,1,1.0,0.0
2021-09-02 10:12:05.268748,7.826,1,1.0,0.0
2021-09-02 10:12:05.400475,7.826,1,1.0,0.0
2021-09-02 10:12:05.534552,7.826,1,1.0,0.0
2021-09-02 10:12:05.634800,3.636,1,0.581,-4.19
2021-09-02 10:12:05.769015,2.211,1,0.39,-1.425
2021-09-02 10:12:05.902540,2.174,1,0.385,-0.037
2021-09-02 10:12:06.034485,1.962,1,0.357,-0.212
2021-09-02 10:12:06.135123,1.279,1,0.288,-0.683
2021-09-02 10:12:06.269460,1.443,1,0.31,0.164
2021-09-02 10:12:06.402679,1.496,1,0.317,0.053
2021-09-02 10:12:06.536957,1.399,1,0.304,-0.097
2021-09-02 10:12:06.637003,1.539,1,0.318,0.14
2021-09-02 10:12:06.769011,1.509,1,0.314,-0.03
2021-09-02 10:12:06.903119,1.509,1,0.314,0.0
2021-09-02 10:12:07.036618,1.547,1,0.319,0.038
2021-09-02 10:12:07.136985,1.487,1,0.313,-0.06
2021-09-02 10:12:07.270740,1.532,1,0.319,0.045
2021-09-02 10:12:07.403295,1.502,1,0.315,-0.03
2021-09-02 10:12:07.537277,1.345,1,0.294,-0.157
2021-09-02 10:12:07.636981,1.995,1,0.359,0.65
2021-09-02 10:12:07.770671,3.883,1,0.612,1.888
2021-09-02 10:12:07.904688,6.779,1,1.0,2.896
2021-09-02 10:12:08.036699,6.779,1,1.0,0.0
2021-09-02 10:12:08.138757,6.779,1,1.0,0.0
2021-09-02 10:12:08.270821,6.779,1,1.0,0.0
2021-09-02 10:12:08.404840,6.779,1,1.0,0.0
2021-09-02 10:12:08.538933,6.779,1,1.0,0.0
2021-09-02 10:12:08.638989,6.779,1,1.0,0.0
2021-09-02 10:12:08.773054,6.779,1,1.0,0.0
2021-09-02 10:12:08.904947,6.779,1,1.0,0.0
2021-09-02 10:12:09.039017,6.779,1,1.0,0.0
2021-09-02 10:12:09.139270,6.779,1,1.0,0.0
2021-09-02 10:12:09.273132,6.779,1,1.0,0.0
2021-09-02 10:12:09.407133,6.779,1,1.0,0.0
2021-09-02 10:12:09.507497,6.779,1,1.0,0.0
2021-09-02 10:12:09.607554,6.779,1,1.0,0.0
2021-09-02 10:12:09.773173,6.779,1,1.0,0.0
2021-09-02 10:12:09.839512,6.779,1,1.0,0.0
2021-09-02 10:12:10.007317,6.779,1,1.0,0.0
2021-09-02 10:12:10.107941,6.779,1,1.0,0.0
2021-09-02 10:12:10.207154,6.779,1,1.0,0.0
2021-09-02 10:12:10.341201,6.779,1,1.0,0.0
2021-09-02 10:12:10.473628,6.779,1,1.0,0.0
2021-09-02 10:12:10.607923,6.779,1,1.0,0.0
2021-09-02 10:12:10.741492,6.779,1,1.0,0.0
2021-09-02 10:12:10.841313,6.779,1,1.0,0.0
2021-09-02 10:12:10.975267,6.779,1,1.0,0.0
2021-09-02 10:12:11.107440,6.779,1,1.0,0.0
2021-09-02 10:12:11.241319,6.779,1,1.0,0.0
2021-09-02 10:12:11.341365,5.459,1,0.868,-1.32
2021-09-02 10:12:11.475361,3.175,1,0.562,-2.284
2021-09-02 10:12:11.609455,2.72,1,0.501,-0.455
2021-09-02 10:12:11.709496,2.8,1,0.509,0.08
2021-09-02 10:12:11.843542,2.807,1,0.51,0.007
2021-09-02 10:12:11.975496,2.807,1,0.51,0.0
2021-09-02 10:12:12.109572,2.822,1,0.512,0.015
2021-09-02 10:12:12.243599,2.822,1,0.512,0.0
2021-09-02 10:12:12.343597,2.822,1,0.512,0.0
2021-09-02 10:12:12.478009,2.822,1,0.512,0.0
2021-09-02 10:12:12.609579,2.814,1,0.511,-0.008
2021-09-02 10:12:12.743573,2.821,1,0.512,0.007
2021-09-02 10:12:12.843625,2.811,1,0.511,-0.01
2021-09-02 10:12:12.977670,2.826,1,0.513,0.015
2021-09-02 10:12:13.111942,2.819,1,0.512,-0.007
2021-09-02 10:12:13.243683,2.819,1,0.512,0.0
2021-09-02 10:12:13.343763,2.819,1,0.512,0.0
2021-09-02 10:12:13.477858,2.819,1,0.512,0.0
2021-09-02 10:12:13.611816,2.826,1,0.513,0.007
2021-09-02 10:12:13.746090,2.819,1,0.512,-0.007
2021-09-02 10:12:13.846184,2.819,1,0.512,0.0
2021-09-02 10:12:13.977848,2.819,1,0.512,0.0
2021-09-02 10:12:14.111788,2.819,1,0.512,0.0
2021-09-02 10:12:14.246268,2.819,1,0.512,0.0
2021-09-02 10:12:14.345910,2.819,1,0.512,0.0
2021-09-02 10:12:14.479968,2.826,1,0.513,0.007
2021-09-02 10:12:14.611856,2.818,1,0.512,-0.008
2021-09-02 10:12:14.745909,2.728,1,0.5,-0.09
2021-09-02 10:12:14.846005,2.638,1,0.491,-0.09
2021-09-02 10:12:14.980001,2.19,1,0.431,-0.448
2021-09-02 10:12:15.114088,2.63,1,0.49,0.44
2021-09-02 10:12:15.214031,3.0,1,0.527,0.37
2021-09-02 10:12:15.346597,3.008,1,0.528,0.008
2021-09-02 10:12:15.480370,3.001,1,0.527,-0.007
2021-09-02 10:12:15.614061,3.001,1,0.527,0.0
2021-09-02 10:12:15.714110,3.031,1,0.53,0.03
2021-09-02 10:12:15.848202,3.001,1,0.526,-0.03
2021-09-02 10:12:15.980424,3.016,1,0.528,0.015
2021-09-02 10:12:16.114108,3.031,1,0.53,0.015
2021-09-02 10:12:16.214200,3.011,1,0.528,-0.02
2021-09-02 10:12:16.348251,3.026,1,0.53,0.015
2021-09-02 10:12:16.482321,3.086,1,0.538,0.06
2021-09-02 10:12:16.614279,3.124,1,0.543,0.038
2021-09-02 10:12:16.714285,3.114,1,0.542,-0.01
2021-09-02 10:12:16.849046,3.158,1,0.548,0.044
2021-09-02 10:12:16.982399,3.361,1,0.575,0.203
2021-09-02 10:12:17.116736,4.174,1,0.684,0.813
2021-09-02 10:12:17.216299,5.614,1,0.828,1.44
2021-09-02 10:12:17.349370,6.058,1,0.887,0.444
2021-09-02 10:12:17.482296,6.253,1,0.913,0.195
2021-09-02 10:12:17.616542,6.298,1,0.919,0.045
2021-09-02 10:12:17.716326,6.438,1,0.933,0.14
2021-09-02 10:12:17.850434,6.595,1,0.954,0.157
2021-09-02 10:12:17.982425,6.807,1,0.982,0.212
2021-09-02 10:12:18.085106,6.982,1,1.0,0.175
2021-09-02 10:12:18.216443,6.982,1,1.0,0.0
2021-09-02 10:12:18.350734,6.982,1,1.0,0.0
2021-09-02 10:12:18.484926,6.982,1,1.0,0.0
2021-09-02 10:12:18.616587,6.982,1,1.0,0.0
2021-09-02 10:12:18.718572,6.982,1,1.0,0.0
2021-09-02 10:12:18.850596,6.982,1,1.0,0.0
2021-09-02 10:12:18.985514,6.982,1,1.0,0.0
2021-09-02 10:12:19.119178,6.982,1,1.0,0.0
2021-09-02 10:12:19.218784,6.982,1,1.0,0.0
2021-09-02 10:12:19.352638,6.982,1,1.0,0.0
2021-09-02 10:12:19.484672,6.982,1,1.0,0.0
2021-09-02 10:12:19.618818,6.982,1,1.0,0.0
2021-09-02 10:12:19.719175,6.982,1,1.0,0.0
2021-09-02 10:12:19.852844,6.982,1,1.0,0.0
2021-09-02 10:12:19.987201,6.982,1,1.0,0.0
2021-09-02 10:12:20.086785,6.982,1,1.0,0.0
2021-09-02 10:12:20.219290,6.982,1,1.0,0.0
2021-09-02 10:12:20.353005,6.982,1,1.0,0.0
2021-09-02 10:12:20.487410,4.937,1,0.726,-2.045
2021-09-02 10:12:20.586940,2.497,1,0.482,-2.44
2021-09-02 10:12:20.722538,1.534,1,0.351,-0.963
2021-09-02 10:12:20.852970,-0.066,1,0.143,-1.6
2021-09-02 10:12:20.987399,-0.924,1,0.028,-0.858
2021-09-02 10:12:21.121412,-0.64,1,0.066,0.284
2021-09-02 10:12:21.221095,-0.8,1,0.05,-0.16
2021-09-02 10:12:21.355458,-0.845,1,0.044,-0.045
2021-09-02 10:12:21.487622,-0.709,1,0.062,0.136
2021-09-02 10:12:21.621381,-0.806,1,0.049,-0.097
2021-09-02 10:12:21.721111,-0.716,1,0.058,0.09
2021-09-02 10:12:21.855168,-0.738,1,0.055,-0.022
2021-09-02 10:12:21.989302,-0.716,1,0.058,0.022
2021-09-02 10:12:22.089207,-0.736,1,0.056,-0.02
2021-09-02 10:12:22.221170,-0.721,1,0.058,0.015
2021-09-02 10:12:22.355692,-1.01,1,0.019,-0.289
2021-09-02 10:12:22.489339,-0.659,1,0.066,0.351
2021-09-02 10:12:22.589334,-0.649,1,0.067,0.01
2021-09-02 10:12:22.723291,-0.477,1,0.09,0.172
2021-09-02 10:12:22.855829,-0.485,1,0.089,-0.008
2021-09-02 10:12:22.990256,-0.463,1,0.092,0.022
2021-09-02 10:12:23.089423,-0.483,1,0.09,-0.02
2021-09-02 10:12:23.223363,-0.498,1,0.088,-0.015
2021-09-02 10:12:23.357636,-0.453,1,0.094,0.045
2021-09-02 10:12:23.489523,-0.438,1,0.096,0.015
2021-09-02 10:12:23.589515,-0.458,1,0.094,-0.02
2021-09-02 10:12:23.723611,-1.159,1,0.0,-0.701
2021-09-02 10:12:23.857865,-1.099,1,0.008,0.06
2021-09-02 10:12:23.991879,-0.86,1,0.04,0.239
2021-09-02 10:12:24.091506,0.27,1,0.153,1.13
2021-09-02 10:12:24.223559,2.573,1,0.457,2.303
2021-09-02 10:12:24.358106,4.684,1,0.742,2.111
2021-09-02 10:12:24.491574,5.383,1,0.835,0.699
2021-09-02 10:12:24.591577,7.033,1,1.0,1.65
2021-09-02 10:12:24.725571,7.033,1,1.0,0.0
2021-09-02 10:12:24.859514,7.033,1,1.0,0.0
2021-09-02 10:12:24.959638,7.033,1,1.0,0.0
2021-09-02 10:12:25.091700,7.033,1,1.0,0.0
2021-09-02 10:12:25.225748,7.033,1,1.0,0.0
2021-09-02 10:12:25.359983,7.033,1,1.0,0.0
2021-09-02 10:12:25.494077,7.033,1,1.0,0.0
2021-09-02 10:12:25.593823,7.033,1,1.0,0.0
2021-09-02 10:12:25.725804,7.033,1,1.0,0.0
2021-09-02 10:12:25.859798,7.033,1,1.0,0.0
2021-09-02 10:12:25.994013,7.033,1,1.0,0.0
2021-09-02 10:12:26.093976,7.033,1,1.0,0.0
2021-09-02 10:12:26.228002,7.033,1,1.0,0.0
2021-09-02 10:12:26.359856,7.033,1,1.0,0.0
2021-09-02 10:12:26.494351,7.033,1,1.0,0.0
2021-09-02 10:12:26.594069,7.033,1,1.0,0.0
2021-09-02 10:12:26.728170,7.033,1,1.0,0.0
2021-09-02 10:12:28.363376,6.763,1,0.558,-0.27
2021-09-02 10:12:28.462251,1.904,1,0.077,-4.859
2021-09-02 10:12:28.631082,1.448,1,0.0,-0.456
2021-09-02 10:12:28.764108,1.448,1,0.0,0.0
2021-09-02 10:12:28.864538,1.448,1,0.0,0.0
2021-09-02 10:12:28.964771,1.448,1,0.0,0.0
2021-09-02 10:12:29.130465,1.448,1,0.0,0.0
2021-09-02 10:12:29.264862,1.448,1,0.0,0.0
2021-09-02 10:12:29.398189,1.448,1,0.0,0.0
2021-09-02 10:12:29.530270,1.448,1,0.0,0.0
2021-09-02 10:12:29.630599,1.448,1,0.0,0.0
2021-09-02 10:12:29.764217,1.448,1,0.0,0.0
2021-09-02 10:36:24.903768,1.448,1,0.0,0.0
2021-09-02 10:36:25.003131,1.448,1,0.0,0.0
2021-09-02 10:36:25.137775,1.448,1,0.0,0.0
2021-09-02 10:36:25.269070,1.448,1,0.0,0.0
2021-09-02 10:36:25.403006,1.448,1,0.0,0.0
2021-09-02 10:36:25.503308,1.448,1,0.0,0.0
2021-09-02 10:36:25.637527,1.448,1,0.0,0.0
2021-09-02 10:36:25.771574,1.448,1,0.0,0.0
2021-09-02 10:36:25.871349,1.448,1,0.0,0.0
2021-09-02 10:36:26.003514,1.448,1,0.0,0.0
2021-09-02 10:36:26.137784,1.448,1,0.0,0.0
2021-09-02 10:36:26.271553,1.448,1,0.0,0.0
2021-09-02 10:36:26.405652,1.448,1,0.0,0.0
2021-09-02 10:36:26.505687,1.448,1,0.0,0.0
2021-09-02 10:36:26.637765,1.448,1,0.0,0.0
2021-09-02 10:36:27.139346,1.448,1,0.0,0.0
2021-09-02 10:36:27.271165,1.448,1,0.0,0.0
2021-09-02 10:36:27.405638,1.465,1,0.046,0.017
2021-09-02 10:36:27.505046,1.619,1,0.351,0.154
2021-09-02 10:36:27.639168,1.767,1,0.748,0.148
2021-09-02 10:36:27.773818,1.847,1,0.965,0.08
2021-09-02 10:36:27.906927,1.86,1,1.0,0.013
2021-09-02 10:36:28.005860,1.86,1,1.0,0.0
2021-09-02 10:36:28.139229,1.86,1,1.0,0.0
2021-09-02 10:36:28.273289,1.86,1,1.0,0.0
2021-09-02 10:36:28.407524,1.86,1,1.0,0.0
2021-09-02 10:36:28.507393,1.793,1,0.866,-0.067
2021-09-02 10:36:28.639288,1.667,1,0.533,-0.126
2021-09-02 10:36:28.773466,1.576,1,0.289,-0.091
2021-09-02 10:36:28.907631,1.54,1,0.192,-0.036
2021-09-02 10:36:29.007866,1.596,1,0.304,0.056
2021-09-02 10:36:29.141871,1.731,1,0.665,0.135
2021-09-02 10:36:29.273897,1.858,1,1.0,0.127
2021-09-02 10:36:29.408349,1.858,1,1.0,0.0
2021-09-02 10:36:29.507893,1.699,1,0.681,-0.159
2021-09-02 10:36:29.641511,1.515,1,0.187,-0.184
2021-09-02 10:36:29.775967,1.509,1,0.171,-0.006
2021-09-02 10:36:29.907418,1.754,1,0.813,0.245
